200010000100000000000000000000000000000000000000000000000000
000100000100000000000000000000000000000000000000000000000000
001000000100000000000000000000000000000000000000000000000000
010000000100000000000000000000000000000000000000000000000000
000000000000000000000000000000000000000000000000000000000000
000100000000000000000000000000000000000000000000000000000000
001000000000000000000000000000000000000000000000000000000000
010000000100000000000000000000000000000000000000000000000000
000000000000000000000000000000000000000000000000000000000000
000010000100000000000000000000000000000000000000000000000000
200010000100000000000000000000000000000000000000000000000000
000100000100000000000000000000000000000000000000000000000000
001000000100000000000000000000000000000000000000000000000000
010000000100000000000000000000000000000000000000000000000000
000000000000000000000000000000000000000000000000000000000000
000100000000000000000000000000000000000000000000000000000000
001000000000000000000000000000000000000000000000000000000000
010000000100000000000000000000000000000000000000000000000000
000000000000000000000000000000000000000000000000000000000000
000010000100000000000000000000000000000000000000000000000000
200010000100000000000000000000000000000000000000000000000000
000100000100000000000000000000000000000000000000000000000000
001000000100000000000000000000000000000000000000000000000000
010000000100000000000000000000000000000000000000000000000000
000000000000000000000000000000000000000000000000000000000000
000100000000000000000000000000000000000000000000000000000000
001000000000000000000000000000000000000000000000000000000000
010000000100000000000000000000000000000000000000000000000000
000000000000000000000000000000000000000000000000000000000000
000010000100000000000000000000000000000000000000000000000000
200010000100000000000000000000000000000000000000000000000000
000100000100000000000000000000000000000000000000000000000000
001000000100000000000000000000000000000000000000000000000000
010000000100000000000000000000000000000000000000000000000000
000000000000000000000000000000000000000000000000000000000000
000100000000000000000000000000000000000000000000000000000000
001000000000000000000000000000000000000000000000000000000000
010000000100000000000000000000000000000000000000000000000000
000000000000000000000000000000000000000000000000000000000000
000010000100000000000000000000000000000000000000000000000003