11111111111111111111111111111
10000010001010100010000000031
11110010101000100010111011111
10011000101011101000100000001
10110011110010001111111111011
10100010100111100100100010001
10111000110000110110101010101
10000000010001100000101000101
11011011000100001011111011101
10001101011111111001010001001
11011001000010001011011101101
10010011110111000000010000101
10000000010101100010110011101
11111011110100111011100110101
10000010000001100001001100001
10110111111000100111000111111
10010000001001100101100010001
11111101111101001100110011001
10000100000101000100011001101
10000101111111101100001100101
11110101000100001001100110001
10000101011111101111000011001
10010001000100100000011001101
10011111101101101110010000111
10000000100000101011111001101
11111010101010101010010011001
10000010101010101011011000001
12000010001010001000000000001
11111111111111111111111111111
